255 255 255 255 255 255 255 255 255 255 255 255 255 255 255 255
255 255 255 255 255 255 255 255 255 255 255 255 255 255 255 255
255 255 255 255   0   0  18  18  18  18   0   0 255 255 255 255
255 255 255   0  18  18  18  18  18  18  18  18   0 255 255 255
255 255   0  18  18  18  18  18  18  18  18  18  18   0 255 255
255 255   0  18  18  18  18  18  18  18  18  18  18   0 255 255
255 255  18  18  18  18  18  18  18  18  18  18  18  18 255 255
255 255   0   0   0   0   0   0   0   0   0   0   0   0 255 255
255 255   0   0   0   0   0   0   0   0   0   0   0   0 255 255
255 255 255 255 255 255 255 255 255 255 255 255 255 255 255 255
255 255   0 255 255 255 255 255 255 255 255 255 255   0 255 255
255 255   0 255 255 255 255 255 255 255 255 255 255   0 255 255
255 255 255   0 255 255 255 255 255 255 255 255   0 255 255 255
255 255 255 255   0   0 255 255 255 255   0   0 255 255 255 255
255 255 255 255 255 255 255 255 255 255 255 255 255 255 255 255
255 255 255 255 255 255 255 255 255 255 255 255 255 255 255 255
255 255 255 255 255 255 255 255 255 255 255 255 255 255 255 255
255 255 255 255 255 255 255 255 255 255 255 255 255 255 255 255
255 255 255 255   0   0  18  18  18  18   0   0 255 255 255 255
255 255 255   0  18  18  18  18  18  18  18  18   0 255 255 255
255 255   0  18  18  18  18  18  18  18  18  18  18   0 255 255
255 255   0  18  18  18  18  18  18  18  18  18  18   0 255 255
255 255  18  18  18  18  18  18  18  18  18  18  18  18 255 255
255 255   0   0   0   0   0   0   0   0   0   0   0   0 255 255
255 255   0   0   0   0   0   0   0   0   0   0   0   0 255 255
255 255 255 255 255 255 255 255 255 255 255 255 255 255 255 255
255 255   0 255 255 255 255 255 255 255 255 255 255   0 255 255
255 255   0 255 255 255 255 255 255 255 255 255 255   0 255 255
255 255 255   0 255 255 255 255 255 255 255 255   0 255 255 255
255 255 255 255   0   0 255 255 255 255   0   0 255 255 255 255
255 255 255 255 255 255 255 255 255 255 255 255 255 255 255 255
255 255 255 255 255 255 255 255 255 255 255 255 255 255 255 255
255 255 255 255 255 255 255 255 255 255 255 255 255 255 255 255
255 255 255 255 255 255 255 255 255 255 255 255 255 255 255 255
255 255 255 255   0   0 242 242 242 242   0   0 255 255 255 255
255 255 255   0 242 242 242 242 242 242 242 242   0 255 255 255
255 255   0 242 242 242 242 242 242 242 242 242 242   0 255 255
255 255   0 242 242 242 242 242 242 242 242 242 242   0 255 255
255 255 242 242 242 242 242 242 242 242 242 242 242 242 255 255
255 255   0   0   0   0   0   0   0   0   0   0   0   0 255 255
255 255   0   0   0   0   0   0   0   0   0   0   0   0 255 255
255 255 255 255 255 255 255 255 255 255 255 255 255 255 255 255
255 255   0 255 255 255 255 255 255 255 255 255 255   0 255 255
255 255   0 255 255 255 255 255 255 255 255 255 255   0 255 255
255 255 255   0 255 255 255 255 255 255 255 255   0 255 255 255
255 255 255 255   0   0 255 255 255 255   0   0 255 255 255 255
255 255 255 255 255 255 255 255 255 255 255 255 255 255 255 255
255 255 255 255 255 255 255 255 255 255 255 255 255 255 255 255

255 255 255 255 255 255 255 255 255 255 255 255 255 255 255 255
255 255 255 255 255 255 255 255 255 255 255 255 255 255 255 255
255 255 255 255   0   0  18   0   0 255   0   0 255 255 255 255
255 255 255   0  18  18  18   0   0 255 255 255   0 255 255 255
255 255   0  18  18  18  18   0   0 255 255 255 255   0 255 255
255 255   0  18  18  18  18   0   0 255 255 255 255   0 255 255
255 255  18  18  18  18  18   0   0 255 255 255 255 255 255 255
255 255  18  18  18  18  18   0   0 255 255 255 255 255 255 255
255 255  18  18  18  18  18   0   0 255 255 255 255 255 255 255
255 255  18  18  18  18  18   0   0 255 255 255 255 255 255 255
255 255   0  18  18  18  18   0   0 255 255 255 255   0 255 255
255 255   0  18  18  18  18   0   0 255 255 255 255   0 255 255
255 255 255   0  18  18  18   0   0 255 255 255   0 255 255 255
255 255 255 255   0   0  18   0   0 255   0   0 255 255 255 255
255 255 255 255 255 255 255 255 255 255 255 255 255 255 255 255
255 255 255 255 255 255 255 255 255 255 255 255 255 255 255 255
255 255 255 255 255 255 255 255 255 255 255 255 255 255 255 255
255 255 255 255 255 255 255 255 255 255 255 255 255 255 255 255
255 255 255 255   0   0  18   0   0 255   0   0 255 255 255 255
255 255 255   0  18  18  18   0   0 255 255 255   0 255 255 255
255 255   0  18  18  18  18   0   0 255 255 255 255   0 255 255
255 255   0  18  18  18  18   0   0 255 255 255 255   0 255 255
255 255  18  18  18  18  18   0   0 255 255 255 255 255 255 255
255 255  18  18  18  18  18   0   0 255 255 255 255 255 255 255
255 255  18  18  18  18  18   0   0 255 255 255 255 255 255 255
255 255  18  18  18  18  18   0   0 255 255 255 255 255 255 255
255 255   0  18  18  18  18   0   0 255 255 255 255   0 255 255
255 255   0  18  18  18  18   0   0 255 255 255 255   0 255 255
255 255 255   0  18  18  18   0   0 255 255 255   0 255 255 255
255 255 255 255   0   0  18   0   0 255   0   0 255 255 255 255
255 255 255 255 255 255 255 255 255 255 255 255 255 255 255 255
255 255 255 255 255 255 255 255 255 255 255 255 255 255 255 255
255 255 255 255 255 255 255 255 255 255 255 255 255 255 255 255
255 255 255 255 255 255 255 255 255 255 255 255 255 255 255 255
255 255 255 255   0   0 242   0   0 255   0   0 255 255 255 255
255 255 255   0 242 242 242   0   0 255 255 255   0 255 255 255
255 255   0 242 242 242 242   0   0 255 255 255 255   0 255 255
255 255   0 242 242 242 242   0   0 255 255 255 255   0 255 255
255 255 242 242 242 242 242   0   0 255 255 255 255 255 255 255
255 255 242 242 242 242 242   0   0 255 255 255 255 255 255 255
255 255 242 242 242 242 242   0   0 255 255 255 255 255 255 255
255 255 242 242 242 242 242   0   0 255 255 255 255 255 255 255
255 255   0 242 242 242 242   0   0 255 255 255 255   0 255 255
255 255   0 242 242 242 242   0   0 255 255 255 255   0 255 255
255 255 255   0 242 242 242   0   0 255 255 255   0 255 255 255
255 255 255 255   0   0 242   0   0 255   0   0 255 255 255 255
255 255 255 255 255 255 255 255 255 255 255 255 255 255 255 255
255 255 255 255 255 255 255 255 255 255 255 255 255 255 255 255

255 255 255 255 255 255 255 255 255 255 255 255 255 255 255 255
255 255 255 255 255 219 159 159 159 159 219 255 255 255 255 255
255 255 255 255  95 119 159 159 159 159 119  95 255 255 255 255
255 255 255  59 223 235 255 255 255 255 235 223  59 255 255 255
255 255  95 223 255 255 255 255 255 255 255 255 223  95 255 255
255 219 119 235 255 255 255 255 255 255 255 255 235 119 219 255
255 159 159 255 255 255 255 255 255 255 255 255 255 159 159 255
255 159  19  31  31  31  31  31  31  31  31  31  31  19 159 255
255 159   1   2   2   2   2   2   2   2   2   2   2   1 159 255
255 159  11  18  18  18  18  18  18  18  18  18  18  11 159 255
255 219  63  16  18  18  18  18  18  18  18  18  16  63 219 255
255 255  95  15  18  18  18  18  18  18  18  18  15  95 255 255
255 255 255  59  15  16  18  18  18  18  16  15  59 255 255 255
255 255 255 255  95  63  11  11  11  11  63  95 255 255 255 255
255 255 255 255 255 219 159 159 159 159 219 255 255 255 255 255
255 255 255 255 255 255 255 255 255 255 255 255 255 255 255 255
255 255 255 255 255 255 255 255 255 255 255 255 255 255 255 255
255 255 255 255 255 219 159 159 159 159 219 255 255 255 255 255
255 255 255 255  95 119 159 159 159 159 119  95 255 255 255 255
255 255 255  59 223 235 255 255 255 255 235 223  59 255 255 255
255 255  95 223 255 255 255 255 255 255 255 255 223  95 255 255
255 219 119 235 255 255 255 255 255 255 255 255 235 119 219 255
255 159 159 255 255 255 255 255 255 255 255 255 255 159 159 255
255 159  19  31  31  31  31  31  31  31  31  31  31  19 159 255
255 159   1   2   2   2   2   2   2   2   2   2   2   1 159 255
255 159  11  18  18  18  18  18  18  18  18  18  18  11 159 255
255 219  63  16  18  18  18  18  18  18  18  18  16  63 219 255
255 255  95  15  18  18  18  18  18  18  18  18  15  95 255 255
255 255 255  59  15  16  18  18  18  18  16  15  59 255 255 255
255 255 255 255  95  63  11  11  11  11  63  95 255 255 255 255
255 255 255 255 255 219 159 159 159 159 219 255 255 255 255 255
255 255 255 255 255 255 255 255 255 255 255 255 255 255 255 255
255 255 255 255 255 255 255 255 255 255 255 255 255 255 255 255
255 255 255 255 255 219 159 159 159 159 219 255 255 255 255 255
255 255 255 255  95 119 159 159 159 159 119  95 255 255 255 255
255 255 255  59 223 235 255 255 255 255 235 223  59 255 255 255
255 255  95 223 255 255 255 255 255 255 255 255 223  95 255 255
255 219 119 235 255 255 255 255 255 255 255 255 235 119 219 255
255 159 159 255 255 255 255 255 255 255 255 255 255 159 159 255
255 159  19  31  31  31  31  31  31  31  31  31  31  19 159 255
255 159  18  30  30  30  30  30  30  30  30  30  30  18 159 255
255 159 151 242 242 242 242 242 242 242 242 242 242 151 159 255
255 219 116 223 242 242 242 242 242 242 242 242 223 116 219 255
255 255  95 211 242 242 242 242 242 242 242 242 211  95 255 255
255 255 255  59 211 223 242 242 242 242 223 211  59 255 255 255
255 255 255 255  95 116 151 151 151 151 116  95 255 255 255 255
255 255 255 255 255 219 159 159 159 159 219 255 255 255 255 255
255 255 255 255 255 255 255 255 255 255 255 255 255 255 255 255

255 255 255 255 255 255 255 255 255 255 255 255 255 255 255 255
255 255 255 255 255 219 159 159 159 159 219 255 255 255 255 255
255 255 255 255  96 120 159  20   1  11  64  96 255 255 255 255
255 255 255  60 223 235 255  32   2  18  17  16  60 255 255 255
255 255  96 223 255 255 255  32   2  18  18  18  16  96 255 255
255 219 120 235 255 255 255  32   2  18  18  18  17  64 219 255
255 159 159 255 255 255 255  32   2  18  18  18  18  11 159 255
255 159 159 255 255 255 255  32   2  18  18  18  18  11 159 255
255 159 159 255 255 255 255  32   2  18  18  18  18  11 159 255
255 159 159 255 255 255 255  32   2  18  18  18  18  11 159 255
255 219 120 235 255 255 255  32   2  18  18  18  17  64 219 255
255 255  96 223 255 255 255  32   2  18  18  18  16  96 255 255
255 255 255  60 223 235 255  32   2  18  17  16  60 255 255 255
255 255 255 255  96 120 159  20   1  11  64  96 255 255 255 255
255 255 255 255 255 219 159 159 159 159 219 255 255 255 255 255
255 255 255 255 255 255 255 255 255 255 255 255 255 255 255 255
255 255 255 255 255 255 255 255 255 255 255 255 255 255 255 255
255 255 255 255 255 219 159 159 159 159 219 255 255 255 255 255
255 255 255 255  96 120 159  20   1  11  64  96 255 255 255 255
255 255 255  60 223 235 255  32   2  18  17  16  60 255 255 255
255 255  96 223 255 255 255  32   2  18  18  18  16  96 255 255
255 219 120 235 255 255 255  32   2  18  18  18  17  64 219 255
255 159 159 255 255 255 255  32   2  18  18  18  18  11 159 255
255 159 159 255 255 255 255  32   2  18  18  18  18  11 159 255
255 159 159 255 255 255 255  32   2  18  18  18  18  11 159 255
255 159 159 255 255 255 255  32   2  18  18  18  18  11 159 255
255 219 120 235 255 255 255  32   2  18  18  18  17  64 219 255
255 255  96 223 255 255 255  32   2  18  18  18  16  96 255 255
255 255 255  60 223 235 255  32   2  18  17  16  60 255 255 255
255 255 255 255  96 120 159  20   1  11  64  96 255 255 255 255
255 255 255 255 255 219 159 159 159 159 219 255 255 255 255 255
255 255 255 255 255 255 255 255 255 255 255 255 255 255 255 255
255 255 255 255 255 255 255 255 255 255 255 255 255 255 255 255
255 255 255 255 255 219 159 159 159 159 219 255 255 255 255 255
255 255 255 255  96 120 159  20  19 151 116  96 255 255 255 255
255 255 255  60 223 235 255  32  30 242 223 212  60 255 255 255
255 255  96 223 255 255 255  32  30 242 242 242 212  96 255 255
255 219 120 235 255 255 255  32  30 242 242 242 223 116 219 255
255 159 159 255 255 255 255  32  30 242 242 242 242 151 159 255
255 159 159 255 255 255 255  32  30 242 242 242 242 151 159 255
255 159 159 255 255 255 255  32  30 242 242 242 242 151 159 255
255 159 159 255 255 255 255  32  30 242 242 242 242 151 159 255
255 219 120 235 255 255 255  32  30 242 242 242 223 116 219 255
255 255  96 223 255 255 255  32  30 242 242 242 212  96 255 255
255 255 255  60 223 235 255  32  30 242 223 212  60 255 255 255
255 255 255 255  96 120 159  20  19 151 116  96 255 255 255 255
255 255 255 255 255 219 159 159 159 159 219 255 255 255 255 255
255 255 255 255 255 255 255 255 255 255 255 255 255 255 255 255
